>> K=4

K =

     4

>> num=[3 7]

num =

     3     7

>> den=[1 1 2]

den =

     1     1     2

>> P=tf(num,den)

P =
 
    3 s + 7
  -----------
  s^2 + s + 2
 
Continuous-time transfer function.Model Properties
>> G=K*P/(1+K*P)

G =
 
     12 s^3 + 40 s^2 + 52 s + 56
  ---------------------------------
  s^4 + 14 s^3 + 45 s^2 + 56 s + 60
 
>> pole(G)

ans =

 -10.0000 + 0.0000i
  -3.0000 + 0.0000i
  -0.5000 + 1.3229i
  -0.5000 - 1.3229i

>> 
