% -------------------------------------------------------------------
%  Generated by MATLAB on 28-Sep-2023 11:32:18
%  MATLAB version: 9.12.0.1884302 (R2022a)
% -------------------------------------------------------------------
                                    

x = [-6.2831853071795862 -6.1562522706709082 -6.0293192341622293 -5.9023861976535512 ...
     -5.7754531611448723 -5.6485201246361942 -5.5215870881275153 -5.3946540516188373 ...
     -5.2677210151101583 -5.14078797860148 -5.0138549420928014 -4.8869219055841224 ...
     -4.7599888690754444 -4.6330558325667655 -4.5061227960580874 -4.3791897595494085 ...
     -4.25225672304073 -4.1253236865320515 -3.998390650023373 -3.8714576135146945 ...
     -3.744524577006016 -3.6175915404973376 -3.4906585039886591 -3.3637254674799806 ...
     -3.2367924309713021 -3.1098593944626236 -2.9829263579539451 -2.8559933214452666 ...
     -2.7290602849365881 -2.6021272484279097 -2.4751942119192312 -2.3482611754105527 ...
     -2.2213281389018742 -2.0943951023931957 -1.967462065884517 -1.8405290293758385 ...
     -1.71359599286716 -1.5866629563584815 -1.4597299198498028 -1.3327968833411243 ...
     -1.2058638468324459 -1.0789308103237674 -0.95199777381508888 -0.82506473730641039 ...
     -0.69813170079773179 -0.5711986642890533 -0.44426562778037482 -0.31733259127169627 ...
     -0.19039955476301779 -0.063466518254339258 0.063466518254339258 0.19039955476301779 ...
     0.31733259127169627 0.44426562778037482 0.5711986642890533 0.69813170079773179 ...
     0.82506473730641039 0.95199777381508888 1.0789308103237674 1.2058638468324459 ...
     1.3327968833411243 1.4597299198498028 1.5866629563584815 1.71359599286716 ...
     1.8405290293758385 1.967462065884517 2.0943951023931957 2.2213281389018742 ...
     2.3482611754105527 2.4751942119192312 2.6021272484279097 2.7290602849365881 ...
     2.8559933214452666 2.9829263579539451 3.1098593944626236 3.2367924309713021 ...
     3.3637254674799806 3.4906585039886591 3.6175915404973376 3.744524577006016 ...
     3.8714576135146945 3.998390650023373 4.1253236865320515 4.25225672304073 ...
     4.3791897595494085 4.5061227960580874 4.6330558325667655 4.7599888690754444 ...
     4.8869219055841224 5.0138549420928014 5.14078797860148 5.2677210151101583 ...
     5.3946540516188373 5.5215870881275153 5.6485201246361942 5.7754531611448723 ...
     5.9023861976535512 6.0293192341622293 6.1562522706709082 6.2831853071795862 ...
     ];

y = [248.05021344239853 233.31852599365169 219.18197560770076 205.62829141727178 ...
     192.64520255509046 180.22043815388278 168.34172734637446 156.99679926529149 ...
     146.17338304335956 135.85920781330472 126.04200270785267 116.70949685972934 ...
     107.84941940166063 99.449499466372259 91.497466186590231 83.981048695040286 ...
     76.887976124448372 70.205977607540248 63.922782277041847 58.026119265678993 ...
     52.503717706177547 47.343306731263368 42.532615473662304 38.059373066100214 ...
     33.911308641302952 30.076151331996371 26.541630270906335 23.295474590758694 ...
     20.325413424279304 17.619175904194019 15.164491163228698 12.949088334109195 ...
     10.960696549561362 9.1870449423110614 7.61586264508414 6.2348787906064613 ...
     5.0318225116038784 3.9944229408022456 3.110409210927418 2.3675104547052532 ...
     1.753455804861606 1.2559743941223314 0.862795355213285 0.56164782086032217 ...
     0.3402609237892984 0.18636379672606954 0.087685572396490885 0.031955383526417955 ...
     0.0069023628417062806 0.0002556430682113437 -0.0002556430682113437 ...
     -0.0069023628417062806 -0.031955383526417955 -0.087685572396490885 ...
     -0.18636379672606954 -0.3402609237892984 -0.56164782086032217 -0.862795355213285 ...
     -1.2559743941223314 -1.753455804861606 -2.3675104547052532 -3.110409210927418 ...
     -3.9944229408022456 -5.0318225116038784 -6.2348787906064613 -7.61586264508414 ...
     -9.1870449423110614 -10.960696549561362 -12.949088334109195 -15.164491163228698 ...
     -17.619175904194019 -20.325413424279304 -23.295474590758694 -26.541630270906335 ...
     -30.076151331996371 -33.911308641302952 -38.059373066100214 -42.532615473662304 ...
     -47.343306731263368 -52.503717706177547 -58.026119265678993 -63.922782277041847 ...
     -70.205977607540248 -76.887976124448372 -83.981048695040286 -91.497466186590231 ...
     -99.449499466372259 -107.84941940166063 -116.70949685972934 -126.04200270785267 ...
     -135.85920781330472 -146.17338304335956 -156.99679926529149 -168.34172734637446 ...
     -180.22043815388278 -192.64520255509046 -205.62829141727178 -219.18197560770076 ...
     -233.31852599365169 -248.05021344239853];

